50,4
57,6
57,5
57,4
49,6
55,4
52,5
59,35
50,1
50,3
49,1
49,3
35,1
35,3
45,1
45,3
38,1
38,3
42,1
42,3
58,1
58,3
57,1
57,7
57,3
34,1
34,3
33,1
33,3
25,1
25,3
52,1
52,3
55,1
55,3
3,2
3,1
3,3
10,77
10,93
10,87
10,141
10,231
10,229
10,249
10,1
10,181
10,2
10,3
11,17
11,27
11,5
11,13
11,19
11,1
11,11
11,2
11,3
9,7
9,1
9,5
9,2
9,3
8,11
8,8
8,10
8,6
8,14
8,7
8,1
8,15
8,2
8,3
12,2
12,1
12,3
20,2
20,1
20,3
19,2
19,1
19,3
18,1
18,3
21,3
21,2
21,1
21,0
7,13
7,12
7,11
7,10
7,9
7,8
7,7
7,6
7,1
7,5
7,4
6,7
6,6
6,5
6,1
6,4
4,88
4,87
4,86
4,85
4,84
4,83
4,82
4,81
4,80
4,79
4,78
4,77
4,76
4,75
4,74
4,73
4,72
4,71
4,70
4,69
